tbegin:4948930.222281
tend:4948938.344631
t:8.122350
nbytes:8388608
concurrency:16384
throughput:8.000000
ave_concurrency:2017.150200
ave_throughput:0.984937
tbegin:4948930.222199
tend:4948938.772611
t:8.550411
nbytes:8388608
concurrency:16384
throughput:8.000000
ave_concurrency:1916.165133
ave_throughput:0.935628
tbegin:4948930.219928
tend:4948939.283439
t:9.063511
nbytes:8388608
concurrency:16384
throughput:8.000000
ave_concurrency:1807.688054
ave_throughput:0.882660
tbegin:4948930.221990
tend:4948939.650460
t:9.428470
nbytes:8388608
concurrency:16384
throughput:8.000000
ave_concurrency:1737.715595
ave_throughput:0.848494
DONE
