tbegin:5943540.411344
tend:5943540.424110
t:0.012766
nbytes:2862052
concurrency:90054
throughput:2.729465
ave_concurrency:7054183.906839
ave_throughput:213.806733
