tbegin:4948921.103077
tend:4948929.467683
t:8.364606
nbytes:8388608
concurrency:16384
throughput:8.000000
ave_concurrency:1958.729425
ave_throughput:0.956411
tbegin:4948921.103541
tend:4948930.191612
t:9.088071
nbytes:8388608
concurrency:16384
throughput:8.000000
ave_concurrency:1802.802824
ave_throughput:0.880275
DONE
